Synchronized: 3.6347899436950684 sec
Threads: 3.572920799255371 sec
Processes: 2.5448191165924072 sec
